# Bundle file v0.3
77 8714
1376.48278822 -0.00865396690767 0.0119889372136
0.123351115224 -0.94005080665 -0.317944937514
0.845232301044 -0.068351210067 0.530009876658
-0.519968133298 -0.334114640505 0.786130108414
32.6071898683 37.4891396508 -8.82894730968
1376.48278822 -0.00865396690767 0.0119889372136
0.987660824338 0.0765386568218 0.136630633752
-0.149874418825 0.715016996458 0.682853097934
-0.0454285664471 -0.694904690434 0.717665462847
-64.1782977189 5.69192948857 6.38486726084
1376.48278822 -0.00865396690767 0.0119889372136
-0.989994095692 -0.0160143027803 -0.14019712052
0.000584953664401 -0.993996461311 0.109410660954
-0.141107577135 0.108233899531 0.984059995461
-14.4725122442 37.0209865668 -11.3718727933
0 0 0
0 0 0
0 0 0
0 0 0
0 0 0
1376.48278822 -0.00865396690767 0.0119889372136
-0.0199179318236 0.953798581023 0.299785828267
-0.857737338694 -0.170363254338 0.485039193654
0.513702183956 -0.247476520925 0.821501940222
34.4398397452 -12.2902077021 2.87896402069
0 0 0
0 0 0
0 0 0
0 0 0
0 0 0
1376.48278822 -0.00865396690767 0.0119889372136
0.992492329399 0.038750945287 0.116005777108
-0.121899320952 0.390774590717 0.912379183674
-0.00997655424282 -0.919670366756 0.392564497728
-24.7988246447 10.608024502 -54.8907897026
1376.48278822 -0.00865396690767 0.0119889372136
-0.10375983735 -0.929077332427 -0.355034092058
0.848451174461 -0.268950912365 0.455846477769
-0.519003372541 -0.253930535991 0.816183056784
16.4484411015 44.6479787464 -26.3113687412
1376.48278822 -0.00865396690767 0.0119889372136
0.993622529024 0.0278808354523 0.109256253046
-0.0954934331508 0.723323332626 0.683874521169
-0.0599606040689 -0.689946385956 0.721372795762
28.4975591348 15.964383852 1.32886694985
0 0 0
0 0 0
0 0 0
0 0 0
0 0 0
0 0 0
0 0 0
0 0 0
0 0 0
0 0 0
0 0 0
0 0 0
0 0 0
0 0 0
0 0 0
1376.48278822 -0.00865396690767 0.0119889372136
-0.0800115684892 0.950257057449 0.301014407755
-0.852993422491 -0.221521419913 0.472578545542
0.51575223712 -0.218951559227 0.828287295941
35.9363682001 31.8926665796 -27.7119768334
0 0 0
0 0 0
0 0 0
0 0 0
0 0 0
0 0 0
0 0 0
0 0 0
0 0 0
0 0 0
1376.48278822 -0.00865396690767 0.0119889372136
0.351730938285 0.876860482186 0.327720981681
-0.892196797646 0.208060652024 0.40086860609
0.283319998099 -0.433389501327 0.855513482545
-2.798165438 -5.65951766982 11.4531747553
0 0 0
0 0 0
0 0 0
0 0 0
0 0 0
1376.48278822 -0.00865396690767 0.0119889372136
0.213688611115 -0.929965949628 -0.299166358422
0.68824150684 -0.0740216862938 0.721695516282
-0.693297054474 -0.360116817839 0.624223575145
-11.7635905333 -11.1619938835 3.57765714836
0 0 0
0 0 0
0 0 0
0 0 0
0 0 0
0 0 0
0 0 0
0 0 0
0 0 0
0 0 0
1376.48278822 -0.00865396690767 0.0119889372136
-0.096883159266 -0.931042908128 -0.35181352543
0.850269934352 -0.261159680713 0.456986498605
-0.517353546608 -0.254862167445 0.816939767313
17.1267709879 58.0106477086 -32.4161392537
0 0 0
0 0 0
0 0 0
0 0 0
0 0 0
0 0 0
0 0 0
0 0 0
0 0 0
0 0 0
0 0 0
0 0 0
0 0 0
0 0 0
0 0 0
0 0 0
0 0 0
0 0 0
0 0 0
0 0 0
0 0 0
0 0 0
0 0 0
0 0 0
0 0 0
0 0 0
0 0 0
0 0 0
0 0 0
0 0 0
1376.48278822 -0.00865396690767 0.0119889372136
-0.0638352828169 0.951085935174 0.302259161287
-0.854994139614 -0.208329076275 0.474956858256
0.514694159569 -0.228110806173 0.826471646346
30.1635865787 22.2496801371 -19.157769698
1376.48278822 -0.00865396690767 0.0119889372136
0.898919997032 0.377991607305 0.221506622347
-0.360861486871 0.352105880835 0.863597380713
0.248438777628 -0.856238163999 0.452917630792
-10.5349168991 13.8259835267 -46.3921351638
0 0 0
0 0 0
0 0 0
0 0 0
0 0 0
0 0 0
0 0 0
0 0 0
0 0 0
0 0 0
1376.48278822 -0.00865396690767 0.0119889372136
-0.987222321688 -0.0169802883183 -0.158441652887
0.000349890072426 -0.994534823793 0.104404797978
-0.159348564907 0.103015309894 0.981832918978
30.1576570974 39.833747251 -12.2362175496
0 0 0
0 0 0
0 0 0
0 0 0
0 0 0
0 0 0
0 0 0
0 0 0
0 0 0
0 0 0
1376.48278822 -0.00865396690767 0.0119889372136
0.290606489378 -0.780881932528 -0.552965890252
-0.476287240583 0.383170515814 -0.791410652107
0.829878504836 0.49335966927 -0.260572262431
-3.416506201 -16.9585711919 -51.5868240276
1376.48278822 -0.00865396690767 0.0119889372136
-0.975418088379 -0.126342331107 -0.180546858833
0.108433464821 -0.9884498114 0.105873292429
-0.191837787129 0.0836934030461 0.97785156221
-54.702919 32.6986529054 -30.3341317307
0 0 0
0 0 0
0 0 0
0 0 0
0 0 0
0 0 0
0 0 0
0 0 0
0 0 0
0 0 0
0 0 0
0 0 0
0 0 0
0 0 0
0 0 0
0 0 0
0 0 0
0 0 0
0 0 0
0 0 0
0 0 0
0 0 0
0 0 0
0 0 0
0 0 0
0 0 0
0 0 0
0 0 0
0 0 0
0 0 0
1376.48278822 -0.00865396690767 0.0119889372136
0.223214019334 -0.927341885709 -0.300354005438
0.674376801314 -0.0755736228424 0.734509739472
-0.7038404872 -0.366504644636 0.608508762499
-14.6832983016 -45.8097222545 32.7244470702
1376.48278822 -0.00865396690767 0.0119889372136
0.99400167672 -0.0560777342258 0.093893313931
-0.0239894859522 0.725823564485 0.687462477377
-0.106701317895 -0.685591307531 0.720124564084
-8.66189085505 -3.75838184127 -10.4882598228
0 0 0
0 0 0
0 0 0
0 0 0
0 0 0
1376.48278822 -0.00865396690767 0.0119889372136
0.992117675716 -0.0937880584018 0.0831042576128
0.00952071668475 0.717691220991 0.69629639326
-0.124947482912 -0.690016747198 0.712927075583
67.0771410104 12.9142792673 -15.0428446942
0 0 0
0 0 0
0 0 0
0 0 0
0 0 0
1376.48278822 -0.00865396690767 0.0119889372136
-0.10862210056 -0.930778751027 -0.34907328157
0.848126139097 -0.269941504904 0.455865809325
-0.518539575588 -0.246541072777 0.818739401753
15.8561176575 32.0524096956 -21.0396406493
1376.48278822 -0.00865396690767 0.0119889372136
0.113460123516 -0.94037381853 -0.320661631311
0.854908224738 -0.0720383344383 0.51375325366
-0.506220038765 -0.332426773583 0.795759833466
32.0265869394 24.5561040877 -2.01736722017
0 0 0
0 0 0
0 0 0
0 0 0
0 0 0
1376.48278822 -0.00865396690767 0.0119889372136
-0.973843139107 -0.137616266012 -0.180807366395
0.11616225972 -0.985414096168 0.124359915124
-0.195284074698 0.100104057869 0.975624573167
5.69508633319 26.5028210242 -25.761936392
0 0 0
0 0 0
0 0 0
0 0 0
0 0 0
1376.48278822 -0.00865396690767 0.0119889372136
0.990433780492 0.0589553167579 0.124760559019
-0.128817742052 0.719150126298 0.682809699095
-0.0494663096801 -0.692349165141 0.719865069117
-13.067597811 11.7553622769 3.2511476673
1376.48278822 -0.00865396690767 0.0119889372136
0.991039719809 0.0539241656174 0.122198437487
-0.123413477051 0.7195797074 0.683355074892
-0.0510821636575 -0.692312956011 0.719787040377
2.42676442062 13.015917283 0.438300417947
1376.48278822 -0.00865396690767 0.0119889372136
-0.114488251296 -0.929926927749 -0.349468667212
0.848467935971 -0.274506624947 0.452491187194
-0.516715203902 -0.244708034007 0.82044096445
14.4898382107 21.2548934221 -15.8212420882
1376.48278822 -0.00865396690767 0.0119889372136
0.988290904952 0.0723703391369 0.134326546904
-0.144995002225 0.719588379718 0.679094259367
-0.0475135403836 -0.690619358104 0.721655988468
-42.0767302137 11.0787614019 5.9979401441
1376.48278822 -0.00865396690767 0.0119889372136
0.299912974424 0.894537102244 0.331444686911
-0.910171806529 0.164255887088 0.380272647133
0.285726250759 -0.415720310144 0.863444922019
-29.1997602796 56.6136071991 -18.6083842169
1376.48278822 -0.00865396690767 0.0119889372136
0.176823611754 -0.936351730089 -0.30328014753
0.698585599198 -0.0976637637223 0.708829986562
-0.693333664926 -0.337205021931 0.636852574985
-8.5742822348 39.5591120891 -35.591072421
0 0 0
0 0 0
0 0 0
0 0 0
0 0 0
1376.48278822 -0.00865396690767 0.0119889372136
0.336060435769 0.883342680404 0.32675540162
-0.897558288781 0.195240186893 0.395310495261
0.285398846795 -0.426130236429 0.858464046917
-14.8108374528 21.5191750161 -0.197661814227
1376.48278822 -0.00865396690767 0.0119889372136
0.371612862987 0.869765340957 0.324672345193
-0.882306264648 0.222056031219 0.41500213778
0.288859023444 -0.440680576688 0.849918286605
7.7626578629 -27.1123119109 21.8313545262
0 0 0
0 0 0
0 0 0
0 0 0
0 0 0
0 0 0
0 0 0
0 0 0
0 0 0
0 0 0
1376.48278822 -0.00865396690767 0.0119889372136
0.198122456758 -0.935181871219 -0.293568322322
0.694914939666 -0.0772085289823 0.714935010809
-0.691260239531 -0.345649693758 0.634575110171
-6.48538112175 14.0988353953 -15.7664096461
0 0 0
0 0 0
0 0 0
0 0 0
0 0 0
0 0 0
0 0 0
0 0 0
0 0 0
0 0 0
0 0 0
0 0 0
0 0 0
0 0 0
0 0 0
1376.48278822 -0.00865396690767 0.0119889372136
-0.117708619878 -0.933486989857 -0.33874285317
0.847796973893 -0.272086820947 0.455202211027
-0.517092807786 -0.23360394182 0.823434409351
20.7994567752 6.57486920505 -9.58466349572
1376.48278822 -0.00865396690767 0.0119889372136
0.993640073033 -0.0671522416447 0.090387951104
-0.0141467542872 0.721907242358 0.691845215908
-0.111710673643 -0.688723826997 0.716365978757
34.4683284385 -7.41666352559 -7.03683642346
0 0 0
0 0 0
0 0 0
0 0 0
0 0 0
0 0 0
0 0 0
0 0 0
0 0 0
0 0 0
1376.48278822 -0.00865396690767 0.0119889372136
0.99024797505 0.0631612790859 0.124175684957
-0.131360121222 0.720203458051 0.681213254102
-0.0464054572523 -0.69088177848 0.721476889236
-30.5445063883 10.8505363251 3.76630999214
0 0 0
0 0 0
0 0 0
0 0 0
0 0 0
1376.48278822 -0.00865396690767 0.0119889372136
0.87544123503 0.41521548702 0.247383797665
-0.398962419356 0.331887938089 0.854797861774
0.272821611956 -0.847022134239 0.456203761667
11.7155569129 2.84390825624 -34.4538297407
1376.48278822 -0.00865396690767 0.0119889372136
0.97940003799 -0.20095187874 0.0198471160579
0.0586795447315 0.377275643055 0.924240120417
-0.193215622078 -0.904036189314 0.381295543898
-36.8473858502 2.96838932195 -46.052224862
0 0 0
0 0 0
0 0 0
0 0 0
0 0 0
1376.48278822 -0.00865396690767 0.0119889372136
0.993275512333 -0.0561821320967 0.101229070101
-0.0280380133957 0.731603658182 0.681153402061
-0.112328208413 -0.679411256432 0.725108763033
-45.7485416415 -7.65324270064 -6.0933143908
24.4548743097 28.9939653862 -22.5498083624
112 101 99
3 71 745 -297.0984 537.8352 59 5534 641.8992 -202.96032 28 2148 317.2296 -77.88264
47.2347812547 22.7858720148 -30.4099728843
62 51 49
2 55 3557 87.52824 -0.8422848 76 3074 -88.97928 -366.2496
-24.3929981118 28.1190866674 -31.7676776634
129 114 109
2 73 2506 -100.91832 -90.94464 53 2524 -815.4048 492.084
23.019662701 19.2842885803 -34.4881813866
119 106 100
2 55 5548 -930.7368 -74.14392 76 5921 -807.3648 -519.9456
14.5300014357 28.4846442437 -24.2404423832
40 26 25
6 73 5867 633.624 -297.756 6 5144 -183.29352 -32.17104 43 5314 51.58032 -1.8532704 74 4509 -473.5392 -128.08056 52 5557 -0.23535168 548.7144 53 5819 565.7856 554.4192
-39.5159325144 18.792986149 -43.2110993478
41 24 14
2 4 3607 959.5272 -60.7956 8 1859 -508.5816 128.72664
-5.42874868035 31.2649972413 -26.5732230886
132 117 114
2 53 3988 -155.00592 619.2888 8 4462 741.4272 735.4776
44.4299440167 29.129616623 -21.1208925154
28 16 16
3 71 5163 517.3176 473.6208 55 5228 48.23808 492.132 28 4916 703.14 -200.61072
16.9254187768 26.6621826262 -27.0247923482
60 44 45
2 17 4698 -989.8464 -836.4192 52 2482 74.25288 398.9952
4.21579345217 27.4978831863 -28.5972751451
122 108 105
5 73 894 390.3072 -279.9144 74 1494 -645.9672 -213.24504 53 601 160.12488 444.3432 52 565 -407.2152 430.9272 28 948 -45.1752 -45.2256
9.70410196819 25.0573145764 -30.1755765485
57 42 39
3 73 497 476.4216 -380.0952 43 927 -89.2608 -179.15256 52 536 -217.15128 300.0864
-3.22706887527 26.023713796 -31.1306043434
32 21 17
2 73 1171 230.11248 -265.9704 53 647 -109.3392 375.4392
9.78109909075 27.1514913345 -27.4283798401
27 13 13
2 71 4797 -879.7368 407.136 59 4531 147.96648 304.5264
-6.11061310069 25.6018393454 -32.7800878881
38 24 21
2 63 5675 -736.1376 -519.7392 8 962 679.8192 437.376
-0.469109181107 20.8406615687 -37.4977181557
111 97 94
2 52 3655 -611.9568 43.19736 59 4865 -292.692 371.616
33.5498716465 32.8438688318 -20.3606030562
61 47 46
2 71 1515 87.126 634.4304 28 1761 501.6024 -78.72576
54.399667148 32.4561020577 -17.3569643396
104 90 87
2 71 4672 947.9664 623.0448 55 4711 510.1536 643.1784
-12.7750728488 33.1453408507 -25.8891432086
105 91 88
3 73 5320 138.92592 -55.90176 53 5399 -393.624 704.412 15 5709 636.7848 108.13032
-7.12907526268 24.8987478595 -33.2845831572
124 109 102
2 73 335 143.10048 -274.8744 53 105 -250.6128 309.0384
33.5779260936 28.5245292268 -22.1804129046
120 105 100
5 71 372 72.19488 486.5832 55 321 -430.6272 513.4896 6 1036 107.36424 -39.15528 74 742 -160.5336 -76.4952 28 1270 483.6456 -140.42928
-51.7977352863 30.5684907567 -32.6298661966
26 13 7
2 73 4027 -446.7984 89.10792 8 5394 -879.0144 708.7608
-5.61547305853 27.3341930758 -30.6748976605
107 93 92
2 52 405 -764.3952 410.3016 28 589 -194.81472 -16.183968
11.9308163339 30.3956729981 -23.4985019635
43 29 28
4 74 5398 -514.6032 -106.99392 6 5135 -216.49416 -6.046632 52 5566 -93.16368 624.4944 28 4692 111.32688 -1.3164672
12.034563686 24.5233496092 -30.7424151376
25 13 13
2 43 1603 -26.27688 -200.15736 53 1655 417.4032 285.8736
44.9070904677 21.846605654 -31.360315437
122 108 105
6 43 91 828.06 -274.7016 55 84 -12.94824 -41.23488 52 74 1079.3472 11.142528 76 81 -155.59008 -404.5392 71 74 434.4768 -25.63368 17 531 -328.2408 -112.77816
1.48714110003 29.964533219 -26.3803077036
104 91 85
6 73 2324 364.56 -199.13664 52 2876 -492.6432 567.3744 74 3542 -691.0224 -165.28872 43 3309 -311.568 -4.688544 71 3037 -1165.1976 545.3376 53 2503 80.37624 572.0664
-4.76250448265 26.3551188324 -31.2779433576
50 38 38
2 57 1945 -553.7328 258.492 8 4768 740.4672 494.9424
39.5548539355 24.7587703553 -29.098421039
27 16 12
2 71 1193 249.9984 139.34232 74 2513 -57.46752 -193.42392
17.8498695532 30.5081425364 -22.2193526207
133 119 110
2 73 547 723.2952 -275.7 52 1460 144.00216 641.8968
-21.3669859641 30.8776706209 -27.947785679
110 96 93
3 73 1642 -19.254384 -39.74064 53 513 -704.904 646.1256 6 1155 -702.2736 -3.76476
56.8487052172 23.6050278193 -28.7839376351
121 110 108
2 55 3411 486.0984 11.280528 28 2795 905.4168 -487.8264
45.134210228 24.121248387 -27.8992994142
50 39 37
2 55 1260 21.19788 123.31032 76 923 -145.54392 -296.0544
-10.7985691121 29.5851558134 -27.949834243
121 106 103
5 63 5902 -1068.1272 -595.2528 53 5859 -350.448 572.064 6 5845 -556.3056 -30.67752 28 5558 -241.032 62.53608 8 5635 554.2656 687.3408
31.9796926528 25.6334842218 -27.7417452882
63 49 46
5 71 431 -27.63744 240.1416 55 229 -510.4272 251.3256 6 1014 72.5244 -131.73456 74 832 -179.51784 -178.0752 28 1282 410.4096 -238.76304
31.7489066833 30.0738234786 -21.5971401298
119 105 102
4 71 1144 4.618032 550.0032 6 2177 80.92344 -17.779056 74 3169 -192.09672 -59.0172 28 1056 456.42 -106.44072
-45.8030831811 25.4982068945 -36.7621273284
128 114 105
2 73 445 -433.7424 -28.878 8 1408 -697.2816 467.9688
27.2343022735 23.5522615657 -29.212457395
122 108 107
2 63 4941 -326.5728 232.01496 53 1334 973.68 238.28304
11.3643140712 19.3430581961 -36.6087119792
60 43 33
4 73 93 440.8104 -566.5344 63 5851 -297.2256 -145.99632 53 202 353.6232 17.549856 74 2425 -523.2816 -394.3416
38.3261993696 29.8473828848 -21.2818417673
129 115 114
9 52 1712 953.1792 546.9264 17 5258 -729.912 -68.55456 74 2770 -89.53464 -49.476 28 1606 581.4624 -149.68368 55 1483 -211.04544 541.9152 43 1952 702.6648 63.96456 71 1682 269.2488 518.6736 6 2131 179.39688 -27.32784 76 1960 -343.584 -42.41688
0.626694348356 29.4200030513 -27.7412177564
35 24 22
2 63 5450 -802.8552 -236.12496 8 277 948.1128 643.4592
46.9245240523 29.5142635636 -21.3400658911
34 22 22
2 55 4799 153.25416 473.4096 28 3954 751.0992 -219.82584
13.5386803707 25.1335250298 -29.1617654597
43 30 24
4 73 1183 564.2976 -403.26 63 3122 -493.0944 19.165584 53 619 484.6176 337.4928 28 1082 82.61208 -129.68544
-3.26161935403 27.4724228106 -29.9465304677
121 108 102
6 73 1216 244.1376 -234.76608 53 1162 -102.8664 438.1128 8 813 801.1128 552.3048 52 1161 -680.9448 423.6792 74 1854 -776.2296 -244.8504 63 3799 -786.4728 -382.0632
20.1480166433 25.9609381743 -26.985932074
55 40 37
2 73 5391 726.9168 -426.696 53 5365 741.54 389.5368
58.2866835645 34.325049936 -15.9827700201
69 55 54
4 55 3450 680.94 707.844 6 3397 480.024 34.242 74 3880 190.41 66.30984 28 2706 1028.9496 -179.41512
-16.1495584721 22.8892391762 -38.8838065436
36 18 16
3 74 2813 -1017.816 -442.86 43 2791 -776.9544 -353.4384 52 3411 -1126.0272 129.33768
1.52924547359 21.5407176291 -36.8004948906
125 110 103
5 73 5559 257.1456 -439.9872 63 401 -448.6128 -369.7968 53 5256 20.237064 106.53936 52 5452 -535.4184 68.99784 28 5341 -154.99752 -185.3664
66.766200814 28.0338773234 -22.289110025
28 17 15
3 55 5676 966.8664 271.032 6 5683 609.9288 -105.26928 74 5531 333.2376 -46.19304
46.9020057525 21.6220639407 -31.4603113881
48 33 26
2 17 4867 -301.776 -77.45352 52 1220 1152.5376 -7.14324
49.8383919894 25.7957600169 -26.6481798027
121 107 106
2 55 3173 224.81424 177.9864 74 4490 97.24392 -139.25352
19.9642437846 27.5428588916 -24.6465954951
63 49 49
2 53 2801 760.3848 497.2968 52 2746 209.14272 484.0968
-15.5111223066 29.8981605055 -28.3239317044
130 117 111
3 73 3060 64.2708 -94.05552 53 4552 -510.6696 588.9696 52 4855 -1122.7656 591.8544
42.8053364845 27.3484352862 -23.8695802407
29 19 20
3 55 4529 -42.81528 357.4752 76 4160 -210.6588 -150.53448 28 3675 647.2224 -247.8
-8.62551958804 22.2389571924 -36.2258378584
122 104 100
2 63 64 -622.4832 -662.2032 8 5652 574.7976 281.712
56.5539667758 28.7707221799 -20.3467034715
65 51 48
7 17 3306 -478.0272 256.908 74 6109 187.8444 -25.36104 28 6056 969.0912 -290.9208 55 5812 580.4544 428.4456 71 5795 1019.2752 422.9376 6 6048 460.4568 -55.54392 76 5986 196.0596 -59.49768
-0.60550088037 21.1091494707 -36.9150731009
119 104 97
7 73 5900 215.35632 -425.4456 6 5766 -446.6952 -228.4956 43 5921 -371.784 -368.1384 74 5903 -736.8816 -403.5216 28 5620 -190.74888 -176.33448 52 5642 -617.9616 64.49208 53 5843 -52.44048 103.88856
66.8147511835 24.2935800915 -27.5227316211
35 21 20
3 55 2699 894.7128 7.30188 6 2983 608.6496 -203.5344 74 4261 348.7008 -141.20064
-7.01593013605 24.0477076221 -35.1465227345
38 24 23
2 52 2762 -823.6032 213.36552 28 2007 -252.6 -89.80368
2.97193705002 21.5216837364 -36.5113381511
23 10 4
3 73 2396 285.8736 -450.048 53 3477 69.38328 107.2632 52 3623 -484.38 69.4164
66.2349931873 22.4500648804 -28.3156162044
118 104 101
3 42 266 -426.78 -825.3384 55 3570 880.9704 -67.488 1 3775 -38.8968 -317.0064
2.10537878044 11.0436586069 -41.1739640981
10 64 136
2 31 5 914.1888 650.0856 8 5780 1005.6936 -168.36936
42.5695232183 33.3677676738 -18.7975683473
51 36 31
3 71 5323 449.1384 650.7552 74 5018 -33.444 9.787176 28 4476 682.356 -113.55072
-24.1852908653 23.1322507753 -38.3113660019
124 108 108
3 53 2021 -819.048 211.9536 6 960 -790.7928 -186.66696 28 626 -491.46 -36.73536
-49.2644206864 19.3370141945 -44.0935004238
35 20 13
5 73 5917 -556.6752 -142.11624 4 5078 881.6496 113.92176 60 5550 -289.9944 84.85032 15 5669 -497.8752 693.7368 8 5702 -833.3136 152.31504
43.2944605857 32.4517885725 -19.1537517531
28 14 13
2 71 2331 478.2456 617.2848 55 2427 20.708496 644.7336
23.3751145276 27.843856947 -23.9647671469
44 30 30
2 17 2839 -932.2512 -527.8872 52 4943 349.0728 495.1872
6.74123848623 23.4839171467 -34.6420446446
34 19 12
2 73 4895 378.528 -435.6864 53 5378 205.56864 180.89256
-4.26613955861 19.2077157113 -38.6826677129
35 22 14
10 73 814 126.05616 -438.156 63 225 -436.4712 -562.5024 8 175 715.2 134.05008 52 244 -766.9032 -12.51288 53 157 -187.41312 31.31064 28 861 -264.8832 -190.84536 27 4625 881.9904 82.72872 74 175 -810.7296 -458.208 12 4387 891.0504 268.4952 6 354 -513.6168 -261.5184
53.9999323158 28.4653838576 -21.0840219607
132 118 117
3 71 4941 904.1304 404.4888 55 4884 460.1016 411.6864 28 4562 905.7024 -284.2464
2.32129059543 24.0123977435 -33.3619640277
124 108 95
7 73 35 306.8112 -369.2496 6 10 -388.3992 -164.0088 43 3 -289.968 -250.536 74 6 -680.4888 -316.848 28 24 -114.34056 -124.44192 52 1 -495.564 217.72872 53 5 65.71656 246.5112
25.5230091628 25.5168346987 -27.1341964163
110 96 93
7 73 1244 848.5056 -493.3224 6 2623 -25.03416 -112.85424 52 2176 403.452 323.6376 17 5708 -749.016 -514.608 74 3566 -285.2784 -179.754 28 1368 297.1344 -182.62632 53 2361 931.3344 350.2968
6.86206210937 22.6497633568 -35.4996519758
29 14 7
2 73 5229 371.1336 -459.636 53 4581 204.37152 140.74248
-25.2853930891 28.2408277454 -32.4468238158
69 53 53
2 43 3989 -1046.52 -134.97096 53 4374 -836.6472 476.8128
67.5762200803 23.9022009927 -27.2771250612
53 42 40
2 55 1195 937.1712 -1.7241216 28 2190 1175.1888 -567.876
-12.0088854409 24.7936584905 -34.5296585943
55 38 31
2 63 5391 -794.8776 -755.8944 8 3467 464.304 392.7312
16.249519079 24.5050629527 -30.0862952684
44 30 29
3 71 2086 -641.916 226.00152 6 2621 -172.64568 -141.61008 74 2141 -439.7664 -242.712
19.9347427235 24.0184883669 -29.8278263887
115 104 102
2 71 5180 -506.628 203.05728 59 2412 152.44896 -157.70904
20.0477711282 22.5570799058 -32.4622970421
46 32 31
2 71 4103 -506.7864 88.8768 59 659 54.50352 -211.89696
41.6623897872 28.7463280398 -22.4259128953
27 17 18
2 55 5600 -78.8064 450.7872 76 5641 -243.8208 -90.60504
39.8877239051 24.5252571666 -28.887843067
109 95 92
5 71 1288 264.864 137.89944 17 3702 -470.7312 -171.48336 76 1604 -297.1776 -300.4224 28 1625 549.1656 -328.6104 55 1283 -194.60424 135.51264
43.9792599189 25.4616671281 -27.0075627311
51 37 34
2 17 2291 -466.5072 -58.89408 52 5265 1093.956 227.90352
62.639240466 23.779341258 -27.8421274885
115 101 100
2 71 488 1139.5824 30.0576 55 384 730.8552 8.325672
8.44566865074 27.2876076451 -26.6871139846
129 115 112
7 73 1162 486.3456 -291.5616 6 1911 -280.1136 -62.52288 43 2039 -122.1144 -68.99496 74 2623 -576.3504 -181.59792 28 1066 25.7172 -45.82776 52 1268 -250.5816 470.0136 53 2608 326.1504 482.4672
17.5647703282 26.756859867 -26.168635062
51 38 32
4 73 4667 678.5688 -377.448 17 1466 -999.984 -795.6264 53 4376 657.2496 444.3192 52 4437 104.70096 426.4344
17.7354079327 19.7836176978 -35.5350871663
32 19 11
4 73 3916 585.4296 -616.0848 74 1196 -410.8944 -362.6232 53 846 578.5992 26.57136 52 1271 46.1484 -20.78004
41.6370963202 23.6901968175 -28.7949425223
116 101 98
2 55 5689 -127.9524 105.22176 74 6014 -22.484016 -194.95608
20.2179699047 27.1618578805 -25.0582148842
21 8 2
9 73 2347 747.936 -382.38 6 3027 -100.98144 -63.01152 74 3616 -376.3632 -143.5104 17 5699 -967.4568 -665.112 52 2804 216.58224 459.0192 28 2030 223.50048 -100.41624 71 2255 -481.1736 432.1032 53 2470 765.168 473.892 55 1456 -1016.9808 463.86
-24.0445216208 21.4166591205 -40.7386316413
38 24 23
2 53 521 -816.1752 115.02192 15 707 -202.95552 136.40328
16.4590848454 22.2043781061 -32.910982532
120 106 105
4 63 3418 -354.0288 7.481928 53 5804 554.3736 155.61 52 5621 16.251096 117.72456 6 5545 -177.45408 -198.48888
6.56267549342 25.9735842759 -30.0495861335
105 95 96
2 53 1385 231.85368 360.4392 52 1178 -329.3448 340.308
-26.0009226015 30.4171898635 -28.5141493562
95 81 80
2 57 521 -986.6712 -53.64096 8 533 14.118288 744.7896
-31.5725389843 26.516595905 -35.7099319838
128 112 113
2 53 3049 -1041.4464 379.5936 15 4020 -81.79584 476.7648
13.6400408254 26.3975993463 -28.1206992509
42 29 23
6 73 4510 576.8256 -372.816 52 4403 -57.59232 374.064 74 3565 -485.1432 -202.60296 28 4526 96.0816 -107.03352 71 4420 -731.8632 346.188 76 3735 -1094.4984 -235.45704
-12.9578924555 21.1577903526 -39.472151472
41 26 21
2 43 5054 -698.4528 -402.06 53 5284 -461.8584 93.85776
2.12710232681 29.8838202729 -26.6851811988
30 15 12
2 63 3504 -808.6536 -179.46336 8 1301 1016.3736 681.18
-9.43757931733 27.7702154032 -30.8945248773
41 29 31
4 43 1781 -610.0056 -124.69008 53 1193 -311.832 443.3736 52 1251 -896.7744 430.908 15 858 375.4056 -178.29216
51.068442809 30.9329571668 -18.7435950249
44 30 29
2 71 4140 806.4888 560.3688 28 4415 858.6888 -198.31776
31.9427724594 20.8728715029 -33.4368227085
120 105 98
2 6 897 60.59472 -245.2872 52 504 582.96 -6.920784
-33.6049734766 23.4622003403 -40.4863639761
119 105 104
2 60 983 107.41464 -382.32 8 2468 -284.3136 276.4728
-1.065758924 25.2222685703 -32.7646528548
115 104 102
2 43 3864 -381.288 -213.2844 52 3569 -609.0888 278.9064
30.7176542068 24.5787353922 -28.7343361644
129 115 114
2 17 950 -600.8184 -388.2864 52 3355 581.5392 223.84248
33.0779252442 30.875314733 -21.3606376374
25 11 10
2 71 2405 60.14976 565.476 28 3560 483.7296 -105.49752
16.1109226089 27.3146215716 -26.0589547523
106 92 91
7 73 5222 649.2456 -354.7368 52 5439 49.71408 448.4328 74 5595 -444.1392 -161.85096 59 335 289.8072 98.5416 28 4160 150.70704 -86.36928 71 5295 -639.2544 422.6592 6 4934 -163.74984 -68.3196
16.5266282608 20.9564890192 -34.6698215216
39 25 22
2 55 574 -1159.3392 9.006768 76 974 -989.2392 -477.0672
8.10549523651 26.3842865656 -26.9603357897
48 34 34
2 74 5241 -584.34 -193.86528 52 5266 -270.3648 445.3368
5.0743909549 23.0249428898 -34.8377059249
123 109 106
2 57 4895 -371.5944 321.5496 8 3389 1044.7512 285.9744
24.5661711341 26.4612739431 -26.2743648107
30 16 15
2 17 807 -811.6248 -529.212 52 1870 372.3696 378.3312
44.914991715 25.1938682513 -26.9017736038
132 118 117
6 17 2570 -453.7584 -39.38424 74 5471 24.8268 -153.1788 1 5692 -913.092 -58.7244 71 5555 477.756 186.73608 6 5498 272.5368 -148.31496 55 5661 21.372072 183.60288
47.9575910695 24.3483906273 -28.6873625985
50 38 38
4 55 504 132.22728 87.5844 74 1853 72.10272 -179.574 76 618 -66.20232 -302.8824 28 399 710.6856 -393.8808
28.013085569 24.8424644142 -27.2405594141
122 109 103
11 73 1063 908.8584 -533.5008 6 2000 12.626592 -123.27192 43 2416 416.8512 -140.63496 55 1380 -694.4016 273.4968 52 2029 501.8808 291.9216 28 1063 339.2424 -208.44984 59 48 400.764 -500.9784 74 2894 -243.6312 -182.54952 71 1281 -185.16 260.4528 53 2877 1026.0456 321.504 76 2871 -661.3224 -264.1224
28.3472075091 24.026549019 -28.4613013613
126 114 114
3 55 791 -683.2512 208.76592 6 1515 15.25524 -146.64384 74 1379 -236.8728 -206.74032
-36.6260055799 23.2967918729 -41.1625742364
105 90 83
2 73 2165 -345.8544 -165.59928 8 499 -382.3008 265.6824
48.6591288213 23.9657919229 -28.7904372267
35 23 25
2 71 5195 597.9624 81.02352 17 1036 -364.3128 -5.63592
-15.5332128859 20.943919227 -39.6896582881
113 96 86
9 73 5053 -54.72216 -331.2936 6 4066 -675.0864 -238.03824 8 3730 314.0376 183.21456 43 3953 -769.5936 -410.5368 74 3235 -1018.0296 -476.1672 15 5545 -111.20952 -127.3536 28 4800 -405.1224 -119.58744 54 238 322.1568 -472.296 53 4186 -548.8824 94.44336
4.67759740738 22.9996240627 -35.0129988474
129 114 107
6 73 3758 335.196 -426.984 43 2636 -227.63808 -297.912 52 2774 -413.5728 136.61544 59 4849 -154.84632 283.5456 28 3558 -91.19544 -170.31744 71 2653 -1053.4008 107.37936
-2.66721091953 23.9856480508 -32.7660786001
126 113 105
2 73 3038 218.58696 -315.0744 53 3893 -101.21976 285.3672
-32.3623119268 28.9392854629 -30.9492088271
53 37 37
2 53 2498 -1091.4168 571.4064 6 3317 -874.5024 -34.91328
-28.723139609 27.5088602385 -33.6332987477
55 37 35
3 43 2521 -1142.9112 -169.65768 53 2203 -953.0304 444.6816 15 1399 7.49232 448.9488
-6.58008662565 27.0902098138 -31.2616547932
44 30 27
5 73 2932 176.97648 -229.24584 74 4161 -835.3992 -272.2464 53 3678 -219.00768 406.74 52 3819 -798.4248 390.9576 28 2979 -211.3896 -20.170896
-27.0894033001 19.0208565238 -41.9334244752
111 94 84
3 73 3563 -258.6984 -283.6416 53 4758 -943.9296 46.05072 6 4518 -865.7112 -262.1616
34.3552121476 26.2881505377 -26.2093268648
53 42 40
2 55 1627 -409.476 303.4104 76 2339 -462.9768 -212.59536
19.1186665552 21.3244123911 -33.5649114846
122 108 107
3 71 5777 -550.3896 31.65816 55 5789 -1061.7744 35.15328 76 5975 -915.948 -451.728
-18.3519467915 23.2419111756 -37.2463941318
111 98 90
5 73 2811 -70.64856 -252.4608 53 938 -631.3248 216.7644 74 1194 -1065.972 -420.3264 6 1641 -703.8288 -182.63592 28 2449 -415.3752 -55.5444
-20.716667024 30.9081300385 -27.4453356085
120 104 104
2 53 777 -685.9968 660.5016 8 882 205.90152 767.628
11.0892979059 24.8931140876 -30.6647037156
33 18 15
7 73 812 499.9752 -403.8432 53 394 383.7984 300.3288 52 531 -166.9512 273.4512 74 975 -527.748 -256.02 28 1397 35.60232 -137.9352 63 1048 -496.4712 -53.88192 6 1058 -250.3776 -137.82936
3.72057993771 28.8738599288 -27.0571643193
111 97 94
3 68 1773 994.2024 -157.13472 63 4154 -749.172 -147.79608 8 1109 1079.7744 646.9608
50.1861863041 23.8063931457 -28.4112430176
61 47 46
5 71 1023 663.1728 79.878 17 1152 -351.1872 26.52648 55 740 223.83552 67.1832 28 1980 762.9432 -418.5816 43 1103 972.4368 -188.256
-8.59734889394 27.5675123114 -30.8091496223
33 19 19
2 53 4020 -284.1672 438.132 15 4828 387.1752 -215.73456
-1.14187359866 21.5899382899 -36.979211252
60 45 38
3 73 945 207.42864 -415.7568 43 2034 -383.8032 -358.1904 53 1531 -69.5904 114.83472
-24.3111051346 26.5602158416 -34.3443721189
133 117 117
4 43 579 -1015.2648 -203.10096 53 485 -810.9216 386.9352 74 677 -1170.6744 -354.4056 15 1196 26.18328 294.6864
33.6600422909 22.0221146089 -31.8355067541
50 37 31
2 17 4736 -448.6056 -364.1544 52 1616 661.1472 57.22848
47.4795881906 21.9489866562 -31.349074314
114 99 94
2 74 1311 73.0428 -236.69712 52 573 1170.4104 0.8675544
-13.4617234399 25.9711853486 -33.9186949637
54 39 34
5 73 4575 42.192 -221.44056 53 5475 -455.076 339.1272 74 5285 -962.8272 -333.3408 6 4701 -614.4672 -127.47984 28 4206 -319.9128 -22.922736
21.3996417945 21.7113145525 -32.6773688225
41 24 17
4 73 2607 696.5232 -586.8384 17 5540 -613.4592 -752.772 53 3309 729.732 128.69928 52 3640 201.49392 86.72808
3.72924465522 28.5894415338 -28.301447313
129 114 111
4 74 5959 -651.504 -200.6652 6 5779 -346.7136 -66.81648 52 5664 -415.4088 463.3608 28 5530 -44.18664 -31.26216
37.8211380151 24.544182568 -28.5915576502
121 107 104
3 71 1783 190.0656 157.89 74 1731 -84.41712 -190.78224 28 3187 511.248 -307.2936
8.39591052461 20.9092918774 -36.3066843946
106 92 89
2 63 1216 -364.3416 -202.77984 8 3145 1157.5104 188.57304
25.4879018627 26.5955332887 -25.7030345021
33 19 18
2 17 3452 -808.6272 -489.504 52 1764 415.0296 395.4864
-24.8772336618 28.4430882753 -32.0780055878
69 53 53
2 43 3494 -1036.368 -124.54584 53 2783 -823.452 489.6576
47.6902885884 29.2943662627 -21.4025092573
36 22 19
2 71 780 639.1824 447.072 17 1088 -577.2 104.36856
-21.0647707558 27.373386942 -32.7231635166
117 105 105
2 53 5201 -703.1952 434.2368 15 4392 122.97744 228.63768
10.0755153772 25.0104129775 -30.2706967877
123 108 105
4 73 5660 482.6904 -386.0928 74 5772 -546.5784 -250.7496 52 5655 -203.12808 293.8056 28 5378 21.79284 -123.85968
36.6521618783 27.9728017701 -24.2684815919
40 23 16
3 73 748 1150.2648 -541.3296 43 1339 644.1048 -27.45336 52 555 848.4288 411.096
58.8299673634 27.0734560679 -23.083446319
42 29 23
2 17 4846 -391.4544 239.05368 55 1219 637.9368 271.6152
14.8821452251 22.0755449808 -33.4495214161
53 43 42
2 71 5730 -703.5528 76.44144 76 5941 -1040.6592 -430.7424
33.5498716465 32.8438688318 -20.3606030562
61 47 46
2 71 4432 87.126 634.4304 28 4481 501.6024 -78.72576
31.4419987008 22.4737354214 -31.8426695931
31 14 6
4 73 809 942.5472 -681.936 17 759 -488.6112 -421.404 53 703 1072.3104 122.41536 52 617 576.2712 79.77576
-33.6748473028 27.9429200334 -33.9108452708
122 108 108
2 60 1357 404.82 -249.7584 8 3500 -268.7688 551.3304
-6.45898484308 23.3314738865 -35.5876964324
64 49 46
2 57 4604 -462.6936 167.53344 8 2026 646.7712 313.5576
-1.38619675584 27.6343383565 -29.728585392
37 25 25
4 73 1039 279.588 -246.1776 74 1336 -742.2264 -237.31368 53 692 -37.19952 438.5256 52 626 -610.1568 425.1792
59.2997488084 32.9430645768 -16.3735091183
57 44 38
3 55 4653 732.0408 659.8992 6 3863 498.6912 19.671384 74 3410 210.10752 55.05312
36.1400761412 30.1351067794 -21.3911144947
47 36 32
4 71 5306 180.75072 532.4688 17 2768 -772.1592 -119.03688 74 4687 -123.59184 -51.49824 28 5282 539.556 -133.2084
-14.1741232794 30.4703258662 -27.142447744
128 112 112
2 52 5808 -1077.8664 637.2168 28 5878 -277.0872 96.80064
45.4294526169 21.6472120333 -31.2956437892
37 26 22
3 71 5273 456.9984 -29.58552 52 4894 1102.8552 1.6201776 43 4838 845.0376 -278.436
4.68189477274 29.024159843 -26.5526881177
35 20 15
7 73 1124 419.184 -238.0284 53 854 189.9276 535.1208 43 1062 -224.36376 -29.28504 52 635 -380.94 527.1264 59 907 150.6468 505.1088 71 519 -1056.3096 503.7408 63 3254 -746.184 -115.41192
-23.0053858648 24.2808787724 -36.9341725226
41 25 25
4 53 3902 -775.7424 265.9296 74 4573 -1152.972 -414.1392 6 3682 -765.5472 -162.138 28 3034 -463.5024 -18.932928
66.0369472433 28.8502945357 -20.4796072939
113 99 98
2 42 4354 -767.1624 -691.4304 55 3779 972.3768 361.5072
10.8215940112 22.551879011 -34.9216930442
28 14 13
2 71 5128 -832.8696 68.79912 76 5335 -1143.6024 -437.7312
-3.32082915609 25.073946173 -31.8173509138
37 24 18
2 73 1738 219.58248 -284.52 53 2479 -117.99288 337.4352
19.4080042718 24.2426295562 -29.4126196236
50 38 38
5 74 4844 -386.3112 -230.6508 53 3064 691.584 282.0864 52 3231 150.69912 256.3272 6 3750 -123.48456 -140.6892 28 2280 174.03576 -182.1996
23.3894683834 25.4738293287 -28.0956213434
47 33 32
2 6 394 -59.24424 -121.67736 52 254 311.2776 302.9304
-0.26950164443 22.9708858504 -34.9454773322
126 112 109
2 63 4774 -533.9256 -386.2992 8 102 866.8296 301.6584
45.8596481841 21.9651570488 -31.3648922139
123 109 108
3 56 3884 -206.16816 216.1884 55 5290 24.73536 -42.54048 1 5451 -881.3976 -282.4608
-45.0698730516 24.5734409044 -38.1396383835
57 42 39
2 6 5065 -1091.46 -137.17728 8 5390 -671.82 407.028
9.73291670852 28.3272956741 -25.8228104451
128 117 115
4 43 4460 -83.80752 -32.91816 63 3932 -662.4912 5.783808 53 4618 375.3768 523.2984 52 4642 -192.93624 513.7464
30.9820278868 25.4133639177 -27.9975513245
43 27 27
2 53 4627 1099.704 295.5 52 4471 596.064 263.9904
18.7822496714 25.7891972848 -27.0530159522
47 33 32
2 53 1042 694.4976 390.9552 52 799 144.6108 369.8352
-1.00817488396 28.9021170772 -28.0604772145
35 21 20
2 63 5132 -815.7384 -284.7864 8 1594 894.0072 631.2216
-13.5290885228 28.4258632897 -28.9202792848
55 43 45
3 53 5127 -453.252 536.856 74 4455 -966.732 -237.22272 6 3917 -603.612 -44.79024
-41.8614143497 25.0537261205 -38.6760532102
23 8 1
2 73 4270 -391.1592 -84.50928 8 4017 -552.6816 386.82
40.227712447 26.5654988687 -25.885787556
113 99 98
2 71 859 303.6264 275.9736 55 582 -161.8224 283.9464
-50.7376057551 25.062627387 -36.2972726656
53 40 34
3 73 220 -499.3608 4.873728 60 238 -42.7056 323.244 8 74 -885.6504 496.6152
-25.8837736143 28.7656612317 -31.4089650323
44 26 24
3 43 4435 -1070.736 -105.89184 53 4673 -860.2224 520.8888 15 2662 118.51464 422.6736
22.5912021559 18.6521005878 -34.5560959534
114 103 99
2 63 743 -214.87296 84.72528 53 3666 770.7672 0.8071296
-43.5291235193 22.5420838478 -41.4735179105
53 36 29
2 73 3744 -445.0296 -126.5052 8 4891 -617.4768 266.8704
-46.2819573777 26.2252420717 -36.2442939721
22 9 3
2 73 2409 -431.016 -14.74488 8 3807 -709.2312 498.5496
-6.01173394658 16.8108642593 -39.8610331207
167 164 183
3 52 4233 -858.8568 -96.5856 20 3820 332.7552 630.192 47 4099 373.8576 105.54288
-20.3188224459 30.6687139189 -27.1357091827
35 19 19
2 53 2360 -677.8296 666.5184 74 2231 -1088.2344 -201.40896
-26.4304636612 21.5101289127 -40.8448955485
115 97 93
3 43 5856 -1060.6032 -413.9976 53 5660 -893.2248 124.27056 28 4720 -538.2768 -66.18792
-30.5392938925 28.6681502233 -31.6158719179
54 36 34
2 53 5162 -1022.1408 535.8288 15 2807 46.40112 557.8152
61.1847645127 23.4780017395 -28.5116922604
50 35 28
2 71 1482 1073.2032 12.447024 55 1285 663.3048 -11.516712
36.0864264751 27.1170139589 -25.5803374432
47 36 32
5 71 924 146.05704 320.76 55 885 -329.664 335.3424 6 1669 138.41952 -99.96672 74 1326 -117.63864 -131.43336 28 2569 504.5496 -223.88976
-4.38004114198 21.3607249007 -37.8597905443
29 16 8
3 73 1373 143.21928 -400.7088 43 919 -470.7696 -375.1464 53 734 -179.07624 101.49696
-16.7578720147 25.337855139 -35.6730393059
30 15 8
3 73 1355 -22.658448 -225.43176 53 413 -563.2896 293.2008 74 844 -1023.9408 -371.3232
40.9045495962 24.3290372698 -28.3907978355
45 31 28
2 71 5407 309.5208 142.07832 28 5475 573.1584 -331.9608
-1.08054260223 28.1002210562 -29.0773121662
36 25 29
2 52 5138 -597.2016 454.1784 59 4053 5.347296 604.8744
39.866157551 25.5044019715 -27.3500854285
39 29 28
2 71 4804 277.3152 207.16776 17 2278 -513.8544 -145.64592
-12.0980319352 20.0537433487 -39.2473071155
124 109 102
4 43 455 -683.9568 -425.9424 52 566 -1033.5 33.11232 27 4750 840.4464 215.0808 28 2065 -367.272 -140.95608
17.9500267751 27.5114823063 -25.4542428907
44 33 31
4 43 4492 144.81024 -48.50592 63 3822 -542.0112 159.6264 53 5166 675.36 479.7552 52 4948 124.55784 465.0024
34.1773280629 25.9180297987 -26.5118386304
126 114 114
2 55 787 -420.324 285.0576 76 2027 -468.9192 -226.69416
13.5217918947 22.883671888 -32.4488983589
127 112 105
4 73 5699 530.0544 -480.1248 43 5536 11.925408 -263.7816 52 5479 -89.23848 161.94576 28 5102 54.59184 -196.2012
-32.0794725099 26.4287592334 -35.500594911
115 100 95
4 73 2357 -238.18896 -99.77328 53 3149 -1063.2072 386.1792 15 841 -88.64496 496.224 28 2643 -549.9432 59.8116
-7.98863154702 26.7924311152 -32.5742137995
94 80 77
3 74 5149 -858.7992 -296.4864 52 5272 -840.9024 351.5592 28 5285 -236.51256 -31.71168
37.5113400479 30.4935493774 -21.1063168858
39 27 27
4 71 1762 237.1932 542.136 55 1602 -241.5792 567.3432 52 2157 915.8856 569.1264 28 2625 567.7632 -135.82224
-39.4054537163 21.2288853356 -42.3181191596
126 112 103
5 73 1906 -407.3664 -176.67912 4 5010 1024.0896 -63.6564 15 4593 -362.688 517.7952 28 1516 -696.0624 -15.719232 8 131 -485.9928 204.45528
69.0685049451 29.9454798724 -18.9735505657
61 47 46
3 56 4579 595.5432 -423.7128 55 2271 1122.2544 422.6352 1 2119 165.56736 168.31752
10.7453637211 20.6240245046 -36.0963250644
45 30 27
2 71 3186 -856.8168 -11.04864 76 3288 -1157.6976 -506.484
46.0174445276 20.9302827839 -31.7778699814
39 25 24
2 55 2819 26.41824 -86.45256 28 3037 647.8632 -467.1984
22.3929244796 25.7192030265 -26.3396223178
36 22 19
3 73 4340 784.1376 -443.5296 17 639 -840.2088 -608.4168 52 3457 291.708 372.8688
62.3470641874 33.2813404021 -15.7391841733
129 114 111
3 55 311 871.3104 672.66 74 449 252.048 67.488 28 689 1129.5168 -218.82408
8.40955750028 22.1082957898 -34.6588060053
118 104 101
3 6 1271 -303.072 -207.2448 52 490 -285.4752 106.86144 28 1413 -40.08312 -198.11616
-2.41658981052 20.3218978711 -38.154448094
113 102 100
2 53 2971 -118.956 62.57184 15 5075 74.8116 -652.9176
64.3272542026 26.9100779378 -24.4902652219
33 22 18
2 55 252 831.5496 185.11512 6 972 569.3136 -139.00944
66.7358425795 22.7999767672 -27.7870728288
120 106 103
2 17 654 -209.63808 262.6824 55 2901 908.5272 -44.29344
50.4288840652 26.4586448241 -24.7505564062
24 12 12
2 55 720 268.4736 253.7016 76 902 10.279296 -189.65856
-28.1335154083 27.1999842381 -33.9322069312
48 30 28
3 43 4298 -1125.3 -181.77912 53 4659 -934.4328 427.6968 15 4361 1.5439464 423.7632
19.6171374468 25.173294518 -27.7367143389
118 106 106
2 43 370 188.7216 -139.0272 53 367 718.056 353.3832
15.5573830719 19.9442560432 -36.0070759522
47 33 30
2 52 4411 -36.04896 -18.173328 28 3393 54.61056 -287.4984
8.03591485818 28.4570581065 -26.2316686313
125 111 111
2 71 216 -939.4536 485.4024 59 207 188.1072 401.2968
11.3234490345 19.7874689872 -36.3346088965
118 103 100
3 6 2908 -266.8992 -254.4936 52 3274 -193.59 -10.5354 28 4104 -16.428456 -262.344
15.9207487593 19.5637002627 -35.9728802983
115 98 90
5 73 5811 542.4792 -605.4192 43 5719 72.21768 -391.3032 63 2480 -270.2928 -50.79744 53 5690 513.8232 18.543696 52 5582 -24.59856 -29.09424
6.55372882618 23.3139187213 -34.392357622
40 25 22
4 74 5933 -603.8112 -331.068 6 5677 -326.8248 -190.70256 52 5673 -344.1192 151.94784 28 5437 -58.89744 -172.1184
21.2217817354 21.7269325396 -32.7320184389
122 107 104
3 43 3739 218.58576 -295.5096 17 1515 -615.4008 -759.4032 52 4016 193.64112 86.93664
-5.65140919274 23.1884066038 -35.7839713247
66 52 51
2 43 1051 -505.2552 -303.7632 53 817 -210.76416 199.0908
57.7916267123 23.2522706618 -28.3678639039
124 110 109
7 17 912 -275.844 141.10224 74 3833 224.47152 -170.84136 28 5600 933.2088 -495.0408 55 5187 533.9184 6.990672 71 5067 953.8488 26.67216 6 4504 472.5168 -206.42616 76 4653 209.80584 -326.6376
-16.4198392661 21.3965603399 -39.5761633653
126 109 102
2 57 5587 -473.8992 -49.83816 8 125 283.716 199.40616
26.3289531511 27.308412101 -24.9761286223
109 95 92
